1600 0
1599 0
1592 0
1591 0
1584 0
1583 0
1576 0
1575 0
1568 0
1567 0
1560 0
1559 0
1552 0
1551 0
1544 0
1543 0
1536 0
1535 0
1528 0
1527 0
1520 0
1519 0
1512 0
1511 0
1504 0
1503 0
1496 0
1495 0
1488 0
1487 0
1480 0
1479 0
1472 0
1471 0
1464 0
1463 0
1456 0
1455 0
1448 0
1447 0
1440 0
1439 0
1432 0
1431 0
1424 0
1423 0
1416 0
1415 0
1408 0
1407 0
1400 0
1399 0
1392 0
1391 0
1384 0
1383 0
1376 0
1375 0
1368 0
1367 0
1360 0
1359 0
1352 0
1351 0
1344 0
1343 0
1336 0
1335 0
1328 0
1327 0
1320 0
1319 0
1312 0
1311 0
1304 0
1303 0
1296 0
1295 0
1288 0
1287 0
1280 0
1279 0
1272 0
1271 0
1264 0
1263 0
1256 0
1255 0
1248 0
1247 0
1240 1
1239 1
1232 1
1231 1
1224 1
1223 1
1216 1
1215 1
1208 1
1207 1
1200 1
1199 1
1192 0
1191 0
1184 0
1183 0
1176 0
1175 0
1168 0
1167 0
1160 0
1159 0
1152 0
1151 0
1144 0
1143 0
1136 0
1135 0
1128 0
1127 0
1120 0
1119 0
1112 0
1111 0
1104 0
1103 0
1096 0
1095 0
1088 0
1087 0
1080 0
1079 0
1072 0
1071 0
1064 0
1063 0
1056 1
1055 1
1048 1
1047 1
1040 1
1039 1
1032 1
1031 1
1024 1
1023 1
1016 1
1015 1
1008 1
1007 1
1000 1
999 1
992 1
991 1
984 1
983 1
976 1
975 1
968 1
967 1
960 1
959 1
952 1
951 1
944 1
943 1
936 1
935 1
928 1
927 1
920 1
919 1
912 1
911 1
904 0
903 0
896 1
895 1
888 1
887 1
880 1
879 1
872 0
871 0
864 0
863 0
856 0
855 0
848 0
847 0
840 0
839 0
832 0
831 0
824 0
823 0
816 0
815 0
808 0
807 0
800 0
799 0
792 0
791 0
784 0
783 0
776 0
775 0
768 0
767 0
760 0
759 0
752 0
751 0
744 0
743 0
736 0
735 0
728 0
727 0
720 1
719 1
712 1
711 1
704 1
703 1
696 1
695 1
688 1
687 1
680 0
679 0
672 0
671 0
664 0
663 0
656 1
655 1
648 1
647 1
640 1
639 1
632 1
631 1
624 1
623 1
616 1
615 1
608 1
607 1
600 1
599 1
592 1
591 1
584 1
583 1
576 1
575 1
568 1
567 1
560 0
559 0
552 0
551 0
544 0
543 0
536 0
535 0
528 0
527 0
520 0
519 0
512 1
511 1
504 1
503 1
496 1
495 1
488 1
487 1
480 0
479 0
472 0
471 0
464 0
463 0
456 0
455 0
448 0
447 0
440 0
439 0
432 1
431 1
424 1
423 1
416 0
415 0
408 0
407 0
400 1
399 1
392 1
391 1
384 0
383 0
376 1
375 1
368 0
367 0
360 0
359 0
352 0
351 0
344 0
343 0
336 0
335 0
328 0
327 0
320 1
319 1
312 1
311 1
304 1
303 1
296 0
295 0
288 0
287 0
280 0
279 0
272 0
271 0
264 0
263 0
256 0
255 0
248 0
247 0
240 0
239 0
232 0
231 0
224 0
223 0
216 0
215 0
208 0
207 0
200 0
199 0
192 0
191 0
184 0
183 0
176 1
175 1
168 1
167 1
160 1
159 1
152 1
151 1
144 1
143 1
136 1
135 1
128 1
127 1
120 1
119 1
112 0
111 0
104 1
103 1
96 1
95 1
88 0
87 0
80 0
79 0
72 0
71 0
64 0
63 0
56 0
55 0
48 0
47 0
40 0
39 0
32 0
31 0
24 0
23 0
16 0
15 0
8 0
7 0
